-1.335818631058014283e+01
-1.270550004205283834e+01
-1.216441373299043072e+01
-1.168086809490781341e+01
-1.123424141457646819e+01
-1.081391427442216546e+01
-1.041351615708318512e+01
-1.002884570633861649e+01
-9.656945306693369702e+00
-9.295630362368871857e+00
-8.943226139989134182e+00
-8.598409866303532212e+00
-8.260110603979489596e+00
-7.927442875710891457e+00
-7.599661011701632773e+00
-7.276126756467331091e+00
-6.956285655146553282e+00
-6.639649423174953213e+00
-6.325782494066217509e+00
-6.014291544637652365e+00
-5.704817177521455562e+00
-5.397027186716170988e+00
-5.090610994462151595e+00
-4.785274957097401582e+00
-4.480738312094711517e+00
-4.176729589557330868e+00
-3.872983346207416133e+00
-3.569237102857497845e+00
-3.265228380320120749e+00
-2.960691735317425355e+00
-2.655355697952677119e+00
-2.348939505698658614e+00
-2.041149514893375816e+00
-1.731675147777180790e+00
-1.420184198348612092e+00
-1.106317269239878165e+00
-7.896810372682816492e-01
-4.698399359474967341e-01
-1.463056807132030457e-01
1.814761832960556376e-01
5.141439115646564417e-01
8.524431738886963927e-01
1.197259447574297475e+00
1.549663669954034262e+00
1.910978614278526777e+00
2.282879013923775791e+00
2.667549464668345749e+00
3.067947582007335416e+00
3.488274722161628816e+00
3.934901402492978484e+00
4.418447040575593121e+00
4.959533349637997190e+00
5.612219618165312340e+00
