-8.860202964372724921e+00
-8.207516695845416876e+00
-7.666430386783009254e+00
-7.182884748700399058e+00
-6.736258068369050278e+00
-6.315930928214751106e+00
-5.915532810875767211e+00
-5.530862360131198585e+00
-5.158961960485953568e+00
-4.797647016161455724e+00
-4.445242793781716273e+00
-4.100426520096114302e+00
-3.762127257772073463e+00
-3.429459529503475324e+00
-3.101677665494214864e+00
-2.778143410259913182e+00
-2.458302308939138925e+00
-2.141666076967537080e+00
-1.827799147858801376e+00
-1.516308198430234455e+00
-1.206833831314039429e+00
-8.990438405087513019e-01
-5.926276482547319091e-01
-2.872916108899836729e-01
1.724503411270461584e-02
3.212537566500888175e-01
6.250000000000000000e-01
9.287462433499182879e-01
1.232754965887298937e+00
1.537291610889990778e+00
1.842627648254739015e+00
2.149043840508757519e+00
2.456833831314040317e+00
2.766308198430235343e+00
3.077799147858804041e+00
3.391666076967538856e+00
3.708302308939134484e+00
4.028143410259922064e+00
4.351677665494214864e+00
4.679459529503473547e+00
5.012127257772073463e+00
5.350426520096115190e+00
5.695242793781715385e+00
6.047647016161453060e+00
6.408961960485945575e+00
6.780862360131193256e+00
7.165532810875763658e+00
7.565930928214752882e+00
7.986258068369046725e+00
8.432884748700397282e+00
8.916430386783011031e+00
9.457516695845415100e+00
1.011020296437273025e+01
