7.535420962240122478e-01
5.822331462184583417e-01
5.074837509365436317e-01
4.627838785421886647e-01
4.321616387150459260e-01
4.095239826445493669e-01
3.919583815121145953e-01
3.778681106117106059e-01
3.662926174733380225e-01
3.566138643791973428e-01
3.484134268019262182e-01
3.413965329555361805e-01
3.353488272147249205e-01
3.301103779272425709e-01
3.255593388457247439e-01
3.216012910819698312e-01
3.181620708912195616e-01
3.151828147886667764e-01
3.126164600033264351e-01
3.104252271342636815e-01
3.085787827527782801e-01
3.070528841153176147e-01
3.058283738681338293e-01
3.048904351409395530e-01
3.042280456935814725e-01
3.038335891326006122e-01
3.037025949287763815e-01
3.038335891325966709e-01
3.042280456935825828e-01
3.048904351409368885e-01
3.058283738681462638e-01
3.070528841153359334e-01
3.085787827528040372e-01
3.104252271342783920e-01
3.126164600033359831e-01
3.151828147886811538e-01
3.181620708912307194e-01
3.216012910819922577e-01
3.255593388457515003e-01
3.301103779272535621e-01
3.353488272147326366e-01
3.413965329555629369e-01
3.484134268019532521e-01
3.566138643792217677e-01
3.662926174733455720e-01
3.778681106117003918e-01
3.919583815120837311e-01
4.095239826445387088e-01
4.321616387150514771e-01
4.627838785421711787e-01
5.074837509365420773e-01
5.822331462184486828e-01
7.535420962239918197e-01
