7.535420962240116927e-01
5.822331462184484607e-01
5.074837509365425214e-01
4.627838785421846124e-01
4.321616387150402638e-01
4.095239826445524756e-01
3.919583815121079340e-01
3.778681106117035005e-01
3.662926174733325269e-01
3.566138643791925689e-01
3.484134268019231095e-01
3.413965329555347927e-01
3.353488272147236438e-01
3.301103779272385186e-01
3.255593388457193038e-01
3.216012910819679438e-01
3.181620708912222817e-01
3.151828147886666653e-01
3.126164600033272678e-01
3.104252271342603509e-01
3.085787827527838312e-01
3.070528841153151722e-01
3.058283738681270569e-01
3.048904351409395530e-01
3.042280456935907984e-01
3.038335891325964488e-01
3.037025949287764925e-01
3.038335891325920635e-01
3.042280456935905208e-01
3.048904351409376101e-01
3.058283738681423225e-01
3.070528841153356003e-01
3.085787827527988747e-01
3.104252271342761715e-01
3.126164600033357055e-01
3.151828147886814868e-01
3.181620708912292206e-01
3.216012910819952553e-01
3.255593388457521109e-01
3.301103779272547278e-01
3.353488272147311933e-01
3.413965329555648798e-01
3.484134268019554725e-01
3.566138643792239882e-01
3.662926174733513451e-01
3.778681106116984489e-01
3.919583815120875059e-01
4.095239826445426501e-01
4.321616387150539751e-01
4.627838785421781176e-01
5.074837509365549559e-01
5.822331462184604511e-01
7.535420962240245712e-01
